-0.106667
-0.113333
-0.113333
-0.113333
-0.113333
-0.113333
-0.113333
-0.113333
-0.113333
-0.113333
-0.113333
-0.113333
-0.113333
-0.113333
-0.106667
-0.106667
-0.106667
-0.106667
-0.106667
-0.1
-0.1
-0.1
-0.0933334
-0.0933334
-0.0933334
-0.0933334
-0.0866667
-0.0866667
-0.0866667
-0.0866667
-0.0866667
-0.0866667
-0.0866667
-0.0866667
-0.0866667
-0.0866667
-0.0866667
-0.0866667
-0.0866667
-0.0866667
-0.0866667
-0.0866667
-0.0866667
-0.0866667
-0.0866667
-0.0866667
-0.0866667
-0.0866667
-0.0866667
-0.0866667
-0.0866667
-0.0866667
-0.0866667
-0.0933334
-0.0933334
-0.1
-0.1
-0.1
-0.1
-0.102222
-0.104444
-0.106667
-0.106667
-0.106667
-0.106667
-0.106667
-0.106667
-0.106667
-0.106667
-0.106667
-0.106667
-0.106667
-0.106667
-0.113333
-0.113333
-0.113333
-0.113333
-0.113333
-0.113333
-0.106667
-0.0999998
-0.093333
-0.0866662
-0.0666659
-0.0466655
-0.0399988
-0.033332
-0.0266652
-0.0199984
-0.0133317
-0.00666487
1.90735e-06
0.00666869
0.0133355
0.0200022
0.026669
0.026669
0.026669
0.026669
0.026669
0.026669
0.026669
0.026669
0.026669
0.026669
0.026669
0.0200022
0.0200022
0.0133355
0.00666869
0.00666869
1.90735e-06
1.90735e-06
-0.0133317
-0.0199984
-0.0266652
-0.0266652
-0.033332
-0.0399988
-0.0466655
-0.0599991
-0.0799994
-0.0866662
-0.0866662
-0.0866662
-0.0866662
-0.0866662
-0.0933331
-0.0933331
-0.0933331
-0.12
-0.146666
-0.186666
-0.24
-0.126666
-0.0866665
-0.00666654
0.106667
0.24
0.313333
0.38
0.466666
0.586667
0.586667
0.726667
0.833333
1.22667
1.29333
0.933333
0.846666
0.726666
-0.00666654
-0.166666
-0.226666
-0.34
-0.366667
-0.373333
-0.36
-0.34
-0.293333
-0.2
-0.166667
-0.126667
-0.0533335
-0.0466669
-0.0466669
-0.0466669
-0.0599999
-0.0599999
-0.0599999
-0.0599999
-0.0599999
-0.0599999
-0.0599999
-0.0599999
-0.0599999
-0.0599999
-0.0599999
-0.0599999
-0.0599999
-0.0599999
-0.0533332
-0.0533332
-0.0533332
-0.0466664
-0.0466664
-0.0399996
-0.0399996
-0.0333328
-0.0333328
-0.0333328
-0.026666
-0.0199993
-0.0199993
-0.0199993
-0.0133325
-0.00666571
1.07288e-06
1.07288e-06
0.00666785
0.00666785
0.0133346
0.0200014
0.0266682
0.033335
0.033335
0.0400017
0.0466685
0.0533353
0.0600021
0.0600021
0.0733356
0.0800024
0.0866692
0.0866692
0.093336
0.100003
0.10667
0.10667
0.113336
0.12667
0.133337
0.140003
0.14667
0.153337
0.160004
0.160004
0.166671
0.173337
0.180004
0.180004
0.186671
0.186671
0.186671
0.193338
0.193338
0.193338
0.193338
0.193338
0.200004
0.200004
0.200004
0.200004
0.200004
0.200004
0.200004
0.200004
0.193338
0.186671
0.173337
0.166671
0.14667
0.12667
0.113336
0.100003
0.0800024
0.0600021
0.0133346
-0.153335
-0.173333
-0.173333
-0.173333
-0.173333
-0.166667
-0.166667
-0.16
-0.16
-0.119999
-0.106666
-0.099999
-0.0866654
-0.0866654
-0.0733318
-0.0733318
-0.0733318
-0.0666651
-0.0666651
-0.0666651
-0.0599983
-0.0599983
-0.0599983
-0.0599983
-0.0599983
-0.0599983
-0.0599983
-0.0599983
-0.0599983
-0.0599983
-0.0599983
-0.0666651
-0.0666651
-0.0666651
-0.0733318
-0.0799986
-0.0799986
-0.0799986
-0.0799986
-0.0799986
-0.0866654
-0.0933322
-0.0933322
-0.099999
-0.099999
-0.106666
-0.106666
-0.106666
-0.113333
-0.113333
-0.113333
-0.119999
-0.119999
-0.126666
-0.126666
-0.126666
-0.126666
-0.126666
-0.126666
-0.126666
-0.126666
-0.14
-0.14
-0.14
-0.14
-0.14
-0.14
-0.14
-0.133333
-0.133333
-0.126666
-0.126666
-0.12
-0.12
-0.12
-0.12
-0.113333
-0.113334
-0.113334
-0.113334
-0.113334
-0.113334
-0.113334
-0.113334
-0.113334
-0.113334
-0.113334
-0.113334
-0.113334
-0.113334
-0.113334
-0.113334
-0.113334
-0.113334
-0.113334
-0.113334
-0.113334
-0.113334
-0.113334
-0.113334
-0.113334
-0.113334
-0.113334
-0.113334
-0.113334
-0.113334
-0.113334
-0.113334
-0.113334
-0.113334
-0.113334
-0.113334
-0.113334
-0.113334
-0.113334
-0.113334
-0.113334
-0.113334
-0.113334
-0.113334
-0.113334
-0.113334
-0.113334
-0.113334
-0.110001
-0.106667
-0.106667
-0.106667
-0.106667
-0.106667
-0.106667
-0.106667
-0.104445
-0.102223
-0.100001
-0.100001
-0.100001
-0.100001
-0.100001
-0.100001
-0.100001
-0.0966671
-0.0933337
-0.0933337
-0.0933337
-0.0933337
-0.0933337
-0.0933337
-0.0933337
-0.0933337
-0.0933337
-0.0933337
-0.0933337
-0.0933337
-0.0933337
-0.0933337
-0.0933337
-0.0933337
-0.0933337
-0.0933337
-0.0933337
-0.0933337
-0.0933337
-0.0933337
-0.0933337
-0.0933337
-0.0933337
-0.0933337
-0.0933337
-0.0933337
-0.0933337
-0.0933337
-0.0933337
-0.0933337
-0.0933337
-0.0933337
-0.0933337
-0.0933337
-0.0933337
-0.0933337
-0.0933337
-0.0933337
-0.0933337
-0.0933337
-0.0933337
-0.0933337
-0.0933337
-0.0933337
-0.0933337
-0.0933337
-0.0933337
-0.0933337
-0.0933337
-0.0933337
-0.0933337
-0.0933337
-0.0933337
-0.0933337
-0.0933337
-0.0933337
-0.0933337
-0.0933337
-0.0933337
-0.0933337
-0.0933337
-0.0933337
-0.0966671
-0.100001
-0.100001
-0.1
-0.102223
-0.104445
-0.106667
-0.106667
-0.106667
-0.106667
-0.106667
-0.106667
-0.106667
-0.106667
-0.106667
-0.106667
-0.106667
-0.106667
-0.106667
-0.106667
-0.106667
-0.106667
-0.106667
-0.106667
-0.106667
-0.106667
-0.106667
-0.106667
-0.106667
-0.106667
-0.106667
-0.106667
-0.106667
-0.106667
-0.106667
-0.12
-0.12
-0.12
-0.12
-0.12
-0.12
-0.12
-0.12
-0.12
-0.12
-0.12
-0.12
-0.12
